Generatia 1: [10, 12, 8, 4, 11, 0, 15, 7, 16, 20, 3, 5, 2, 13, 17, 19, 21, 6, 14, 1, 4, 2], Fitness: 0.1
Generatia 2: [10, 20, 8, 6, 0, 19, 1, 9, 12, 3, 18, 4, 10, 6, 19, 2, 5, 0, 17, 21, 14, 13], Fitness: 0.08333333333333333
Generatia 3: [12, 17, 20, 3, 7, 1, 9, 5, 8, 16, 18, 4, 14, 19, 19, 2, 5, 0, 17, 10, 21, 13], Fitness: 0.1
Generatia 4: [11, 16, 1, 9, 5, 19, 1, 2, 12, 3, 18, 4, 10, 6, 19, 14, 5, 0, 17, 21, 2, 13], Fitness: 0.07142857142857142
Generatia 5: [10, 16, 7, 20, 15, 3, 6, 11, 18, 5, 8, 4, 0, 4, 2, 19, 19, 16, 7, 21, 14, 8], Fitness: 0.07142857142857142
Generatia 6: [16, 21, 8, 4, 15, 3, 6, 11, 11, 19, 4, 7, 18, 0, 12, 10, 5, 0, 13, 21, 14, 17], Fitness: 0.08333333333333333
Generatia 7: [19, 15, 8, 2, 21, 3, 15, 3, 16, 20, 7, 13, 0, 9, 21, 4, 20, 12, 17, 11, 1, 5], Fitness: 0.07692307692307693
Generatia 8: [19, 21, 8, 4, 15, 3, 6, 11, 10, 20, 7, 5, 2, 13, 1, 19, 14, 6, 17, 16, 19, 17], Fitness: 0.06666666666666667
Generatia 9: [13, 18, 2, 4, 11, 17, 16, 3, 15, 20, 7, 13, 0, 9, 21, 20, 4, 12, 3, 11, 1, 5], Fitness: 0.058823529411764705
Generatia 10: [16, 15, 8, 4, 15, 0, 6, 11, 10, 20, 21, 21, 17, 19, 10, 18, 5, 13, 3, 2, 14, 5], Fitness: 0.058823529411764705
Generatia 11: [16, 15, 8, 4, 15, 0, 6, 11, 19, 19, 7, 13, 0, 2, 21, 9, 20, 12, 17, 17, 21, 13], Fitness: 0.0625
Generatia 12: [19, 20, 8, 4, 15, 0, 6, 11, 10, 20, 19, 5, 2, 13, 1, 17, 14, 6, 7, 16, 19, 5], Fitness: 0.0625
Generatia 13: [19, 21, 8, 4, 11, 21, 21, 11, 10, 5, 19, 5, 2, 7, 1, 17, 14, 6, 13, 16, 19, 20], Fitness: 0.06666666666666667
Generatia 14: [19, 21, 8, 4, 11, 21, 21, 11, 10, 5, 19, 5, 2, 7, 1, 17, 14, 6, 13, 16, 19, 8], Fitness: 0.058823529411764705
Generatia 15: [2, 12, 21, 5, 11, 5, 5, 11, 1, 4, 19, 6, 2, 9, 13, 5, 20, 15, 17, 10, 14, 7], Fitness: 0.05555555555555555
Generatia 16: [0, 15, 21, 11, 5, 14, 4, 11, 20, 11, 19, 17, 2, 5, 1, 7, 16, 6, 13, 2, 19, 5], Fitness: 0.0625
Generatia 17: [6, 18, 0, 4, 17, 20, 14, 20, 19, 19, 7, 5, 2, 11, 1, 7, 16, 6, 13, 21, 19, 11], Fitness: 0.07692307692307693
Generatia 18: [6, 18, 0, 4, 17, 20, 14, 20, 19, 19, 7, 5, 2, 11, 1, 7, 16, 6, 13, 21, 5, 11], Fitness: 0.07692307692307693
Generatia 19: [6, 18, 2, 11, 11, 19, 7, 0, 13, 13, 21, 19, 2, 0, 17, 5, 20, 15, 17, 10, 14, 7], Fitness: 0.07142857142857142
Generatia 20: [5, 8, 21, 13, 20, 11, 14, 4, 8, 13, 21, 19, 2, 0, 17, 5, 20, 15, 17, 10, 14, 7], Fitness: 0.0625
Generatia 21: [6, 18, 5, 4, 17, 20, 14, 20, 21, 0, 5, 19, 16, 11, 1, 7, 15, 6, 13, 2, 19, 8], Fitness: 0.058823529411764705
Generatia 22: [6, 18, 0, 4, 11, 20, 14, 20, 21, 19, 7, 5, 0, 21, 1, 16, 17, 6, 13, 1, 19, 11], Fitness: 0.0625
Generatia 23: [6, 18, 0, 4, 11, 20, 14, 20, 21, 19, 7, 5, 0, 21, 1, 16, 17, 6, 17, 10, 14, 7], Fitness: 0.05555555555555555
Generatia 24: [6, 18, 11, 4, 0, 20, 14, 16, 21, 19, 7, 5, 0, 21, 1, 20, 20, 17, 15, 10, 14, 7], Fitness: 0.058823529411764705
Generatia 25: [6, 18, 11, 4, 0, 20, 19, 5, 10, 21, 5, 2, 19, 2, 1, 21, 7, 21, 18, 4, 14, 7], Fitness: 0.05263157894736842
Generatia 26: [5, 18, 19, 14, 11, 3, 14, 16, 21, 19, 7, 5, 0, 21, 1, 11, 20, 17, 15, 10, 20, 7], Fitness: 0.058823529411764705
Generatia 27: [5, 18, 19, 14, 14, 3, 11, 16, 21, 19, 18, 5, 0, 21, 1, 11, 20, 17, 7, 19, 4, 6], Fitness: 0.058823529411764705
Generatia 28: [5, 18, 14, 4, 17, 20, 14, 20, 21, 0, 2, 2, 16, 11, 1, 13, 17, 5, 13, 1, 19, 11], Fitness: 0.058823529411764705
Generatia 29: [2, 18, 20, 6, 17, 14, 11, 4, 21, 0, 2, 2, 16, 11, 1, 13, 17, 5, 13, 1, 19, 11], Fitness: 0.058823529411764705
Generatia 30: [6, 18, 1, 4, 17, 20, 17, 3, 10, 21, 5, 2, 19, 1, 1, 21, 7, 21, 13, 2, 0, 11], Fitness: 0.0625
Generatia 31: [6, 7, 11, 4, 17, 20, 17, 3, 1, 1, 5, 19, 11, 2, 10, 21, 14, 16, 15, 10, 14, 7], Fitness: 0.058823529411764705
Generatia 32: [6, 18, 14, 4, 17, 20, 14, 1, 17, 19, 1, 19, 0, 2, 1, 21, 7, 21, 13, 2, 0, 11], Fitness: 0.058823529411764705
Generatia 33: [6, 18, 14, 4, 17, 20, 17, 1, 2, 19, 1, 19, 0, 14, 1, 7, 21, 21, 13, 2, 0, 11], Fitness: 0.07692307692307693
Generatia 34: [6, 18, 3, 0, 17, 4, 17, 5, 10, 5, 21, 19, 20, 11, 19, 21, 7, 17, 13, 2, 0, 11], Fitness: 0.058823529411764705
Generatia 35: [6, 18, 3, 0, 17, 4, 17, 5, 10, 5, 21, 19, 20, 11, 19, 21, 7, 17, 13, 2, 0, 11], Fitness: 0.058823529411764705
