Procesarea grafului 1:
Rezultate pentru graful 1:
Traseul minim: [0, 40, 28, 23, 51, 48, 67, 62, 36, 71, 30, 78, 15, 32, 75, 41, 1, 6, 42, 3, 58, 63, 7, 54, 79, 17, 26, 65, 45, 61, 72, 50, 74, 14, 11, 13, 64, 57, 43, 52, 70, 27, 22, 68, 18, 10, 25, 21, 77, 56, 2, 69, 39, 31, 59, 73, 5, 9, 4, 29, 19, 24, 12, 76, 60, 16, 35, 37, 46, 38, 33, 20, 55, 53, 44, 34, 66, 8, 47, 49]

Procesarea grafului 2:
Rezultate pentru graful 2:
Traseul minim: [0, 29, 73, 25, 32, 4, 72, 10, 3, 6, 2, 54, 20, 28, 11, 83, 48, 17, 30, 9, 1, 66, 5, 55, 75, 85, 43, 81, 8, 77, 21, 7, 89, 15, 16, 45, 79, 31, 23, 41, 12, 49, 62, 44, 35, 42, 68, 74, 14, 61, 58, 13, 40, 46, 67, 24, 70, 19, 39, 78, 82, 18, 57, 63, 87, 86, 37, 34, 36, 65, 50, 47, 22, 27, 52, 69, 88, 53, 84, 26, 60, 71, 38, 51, 59, 33, 56, 80, 76, 64]

Procesarea grafului 3:
Rezultate pentru graful 3:
Traseul minim: [0, 41, 16, 59, 67, 28, 43, 48, 78, 9, 90, 75, 6, 95, 17, 23, 15, 36, 27, 44, 38, 92, 89, 30, 73, 31, 21, 5, 83, 47, 85, 35, 2, 4, 76, 69, 24, 80, 81, 25, 8, 60, 52, 61, 99, 51, 79, 82, 64, 93, 84, 45, 56, 98, 12, 91, 7, 53, 34, 72, 74, 97, 88, 13, 65, 55, 49, 87, 70, 14, 22, 86, 39, 66, 29, 54, 96, 57, 19, 63, 77, 46, 68, 62, 3, 71, 37, 32, 1, 33, 20, 94, 40, 50, 18, 26, 42, 58, 10, 11]

Procesarea grafului 4:
Rezultate pentru graful 4:
Traseul minim: [0, 27, 35, 38, 17, 80, 28, 98, 24, 61, 34, 43, 54, 73, 49, 74, 11, 91, 18, 14, 51, 16, 26, 23, 86, 50, 19, 42, 2, 12, 109, 15, 45, 36, 1, 29, 58, 101, 60, 53, 78, 52, 93, 33, 57, 5, 82, 37, 9, 44, 39, 81, 6, 106, 88, 55, 66, 99, 72, 21, 62, 10, 95, 107, 64, 46, 97, 30, 13, 22, 105, 92, 69, 104, 8, 84, 32, 75, 89, 76, 65, 70, 90, 100, 85, 7, 71, 59, 79, 40, 3, 56, 48, 94, 25, 96, 31, 63, 102, 77, 4, 83, 68, 87, 67, 20, 108, 41, 103, 47]

Procesarea grafului 5:
Rezultate pentru graful 5:
Traseul minim: [0, 55, 71, 50, 56, 9, 47, 34, 108, 5, 48, 107, 86, 59, 2, 96, 82, 84, 10, 30, 114, 29, 113, 4, 1, 21, 35, 16, 92, 45, 15, 46, 33, 32, 53, 49, 76, 12, 90, 37, 28, 51, 117, 77, 67, 70, 60, 79, 26, 44, 40, 11, 58, 25, 17, 88, 78, 23, 74, 20, 63, 106, 13, 65, 100, 119, 7, 104, 85, 89, 22, 73, 57, 3, 75, 24, 64, 115, 95, 36, 101, 54, 18, 19, 91, 61, 14, 105, 98, 72, 52, 42, 66, 103, 87, 39, 80, 62, 81, 94, 118, 41, 111, 38, 8, 112, 6, 27, 116, 68, 97, 102, 93, 31, 110, 43, 69, 99, 109, 83]

